{
    "cam-0000": {
        "k": [
            [
                443.67694091796875,
                0.0,
                256.0
            ],
            [
                0.0,
                443.67694091796875,
                256.0
            ],
            [
                0.0,
                0.0,
                1.0
            ]
        ],
        "pose": [
            [
                7.549790126404332e-08,
                0.996666669845581,
                -0.08158158510923386,
                0.16960811614990234
            ],
            [
                1.0,
                -1.3193265147037891e-07,
                -6.86367854996206e-07,
                0.0
            ],
            [
                -6.948432655917713e-07,
                -0.08158158510923386,
                -0.996666669845581,
                2.0720698833465576
            ],
            [
                0.0,
                0.0,
                0.0,
                1.0
            ]
        ]
    },
    "cam-0001": {
        "k": [
            [
                443.67694091796875,
                0.0,
                256.0
            ],
            [
                0.0,
                443.67694091796875,
                256.0
            ],
            [
                0.0,
                0.0,
                1.0
            ]
        ],
        "pose": [
            [
                0.6740372180938721,
                -0.7313103675842285,
                0.10420645028352737,
                -0.21664442121982574
            ],
            [
                -0.7386974096298218,
                -0.667296826839447,
                0.09508463740348816,
                -0.19768103957176208
            ],
            [
                2.5550360760462354e-07,
                -0.14106762409210205,
                -0.9899999499320984,
                2.0582098960876465
            ],
            [
                0.0,
                0.0,
                0.0,
                1.0
            ]
        ]
    },
    "cam-0002": {
        "k": [
            [
                443.67694091796875,
                0.0,
                256.0
            ],
            [
                0.0,
                443.67694091796875,
                256.0
            ],
            [
                0.0,
                0.0,
                1.0
            ]
        ],
        "pose": [
            [
                -0.995819091796875,
                0.08982472121715546,
                -0.016607962548732758,
                0.03452805057168007
            ],
            [
                0.09134716540575027,
                0.9792221784591675,
                -0.18105146288871765,
                0.37640655040740967
            ],
            [
                -1.1521770204581117e-08,
                -0.1818116009235382,
                -0.98333340883255,
                2.0443499088287354
            ],
            [
                0.0,
                0.0,
                0.0,
                1.0
            ]
        ]
    },
    "cam-0003": {
        "k": [
            [
                443.67694091796875,
                0.0,
                256.0
            ],
            [
                0.0,
                443.67694091796875,
                256.0
            ],
            [
                0.0,
                0.0,
                1.0
            ]
        ],
        "pose": [
            [
                0.7971802353858948,
                0.5896540284156799,
                -0.12966018915176392,
                0.2695631682872772
            ],
            [
                0.6037414073944092,
                -0.7785793542861938,
                0.17120318114757538,
                -0.35593125224113464
            ],
            [
                -1.0516438919694338e-07,
                -0.21476101875305176,
                -0.9766666293144226,
                2.030489921569824
            ],
            [
                0.0,
                0.0,
                0.0,
                1.0
            ]
        ]
    },
    "cam-0004": {
        "k": [
            [
                443.67694091796875,
                0.0,
                256.0
            ],
            [
                0.0,
                443.67694091796875,
                256.0
            ],
            [
                0.0,
                0.0,
                1.0
            ]
        ],
        "pose": [
            [
                -0.18193048238754272,
                -0.9538120627403259,
                0.2390478104352951,
                -0.4969804286956787
            ],
            [
                -0.9833114147186279,
                0.17647255957126617,
                -0.04422827064990997,
                0.09195048362016678
            ],
            [
                8.220094116495602e-08,
                -0.24310490489006042,
                -0.9700000286102295,
                2.016629934310913
            ],
            [
                0.0,
                0.0,
                0.0,
                1.0
            ]
        ]
    },
    "cam-0005": {
        "k": [
            [
                443.67694091796875,
                0.0,
                256.0
            ],
            [
                0.0,
                443.67694091796875,
                256.0
            ],
            [
                0.0,
                0.0,
                1.0
            ]
        ],
        "pose": [
            [
                -0.5283972024917603,
                0.8178673982620239,
                -0.22779229283332825,
                0.4735802710056305
            ],
            [
                0.8489972949028015,
                0.5090226531028748,
                -0.14177295565605164,
                0.2947457432746887
            ],
            [
                -3.945220328205323e-08,
                -0.26830747723579407,
                -0.9633333086967468,
                2.002769947052002
            ],
            [
                0.0,
                0.0,
                0.0,
                1.0
            ]
        ]
    },
    "cam-0006": {
        "k": [
            [
                443.67694091796875,
                0.0,
                256.0
            ],
            [
                0.0,
                443.67694091796875,
                256.0
            ],
            [
                0.0,
                0.0,
                1.0
            ]
        ],
        "pose": [
            [
                0.9625813961029053,
                -0.2592496871948242,
                0.07890913635492325,
                -0.16405202448368073
            ],
            [
                -0.2709927260875702,
                -0.9208695292472839,
                0.2802896201610565,
                -0.582722008228302
            ],
            [
                1.641183366984933e-08,
                -0.2911853790283203,
                -0.9566666483879089,
                1.9889099597930908
            ],
            [
                0.0,
                0.0,
                0.0,
                1.0
            ]
        ]
    },
    "cam-0007": {
        "k": [
            [
                443.67694091796875,
                0.0,
                256.0
            ],
            [
                0.0,
                443.67694091796875,
                256.0
            ],
            [
                0.0,
                0.0,
                1.0
            ]
        ],
        "pose": [
            [
                -0.8937154412269592,
                -0.42620253562927246,
                0.14008598029613495,
                -0.29123878479003906
            ],
            [
                -0.44863423705101013,
                0.8490296602249146,
                -0.27906256914138794,
                0.5801710486412048
            ],
            [
                2.2136303456932183e-08,
                -0.31224989891052246,
                -0.949999988079071,
                1.9750499725341797
            ],
            [
                0.0,
                0.0,
                0.0,
                1.0
            ]
        ]
    },
    "cam-0008": {
        "k": [
            [
                443.67694091796875,
                0.0,
                256.0
            ],
            [
                0.0,
                443.67694091796875,
                256.0
            ],
            [
                0.0,
                0.0,
                1.0
            ]
        ],
        "pose": [
            [
                0.35778874158859253,
                0.8808870315551758,
                -0.3098793625831604,
                0.6442390084266663
            ],
            [
                0.9338025450706482,
                -0.3375140428543091,
                0.11873101443052292,
                -0.24684186279773712
            ],
            [
                -2.029902468336786e-08,
                -0.3318467438220978,
                -0.9433333277702332,
                1.9611899852752686
            ],
            [
                0.0,
                0.0,
                0.0,
                1.0
            ]
        ]
    },
    "cam-0009": {
        "k": [
            [
                443.67694091796875,
                0.0,
                256.0
            ],
            [
                0.0,
                443.67694091796875,
                256.0
            ],
            [
                0.0,
                0.0,
                1.0
            ]
        ],
        "pose": [
            [
                0.36512014269828796,
                -0.8719995617866516,
                0.3260430097579956,
                -0.6778433322906494
            ],
            [
                -0.9309604167938232,
                -0.34199586510658264,
                0.12787318229675293,
                -0.265848308801651
            ],
            [
                -6.975563238142968e-09,
                -0.3502222001552582,
                -0.9366666674613953,
                1.9473299980163574
            ],
            [
                0.0,
                0.0,
                0.0,
                1.0
            ]
        ]
    },
    "cam-0010": {
        "k": [
            [
                443.67694091796875,
                0.0,
                256.0
            ],
            [
                0.0,
                443.67694091796875,
                256.0
            ],
            [
                0.0,
                0.0,
                1.0
            ]
        ],
        "pose": [
            [
                -0.8972153067588806,
                0.410681813955307,
                -0.162311851978302,
                0.3374462425708771
            ],
            [
                0.44159334897994995,
                0.8344102501869202,
                -0.32978004217147827,
                0.6856127381324768
            ],
            [
                3.6610664500003054e-10,
                -0.367559552192688,
                -0.9300000071525574,
                1.9334700107574463
            ],
            [
                0.0,
                0.0,
                0.0,
                1.0
            ]
        ]
    },
    "cam-0011": {
        "k": [
            [
                443.67694091796875,
                0.0,
                256.0
            ],
            [
                0.0,
                443.67694091796875,
                256.0
            ],
            [
                0.0,
                0.0,
                1.0
            ]
        ],
        "pose": [
            [
                0.9604208469390869,
                0.2571972906589508,
                -0.10696419328451157,
                0.22237853705883026
            ],
            [
                0.2785530388355255,
                -0.886788547039032,
                0.368801087141037,
                -0.7667374014854431
            ],
            [
                1.993827680735194e-08,
                -0.38399943709373474,
                -0.9233333468437195,
                1.9196100234985352
            ],
            [
                0.0,
                0.0,
                0.0,
                1.0
            ]
        ]
    },
    "cam-0012": {
        "k": [
            [
                443.67694091796875,
                0.0,
                256.0
            ],
            [
                0.0,
                443.67694091796875,
                256.0
            ],
            [
                0.0,
                0.0,
                1.0
            ]
        ],
        "pose": [
            [
                -0.5217050313949585,
                -0.7820321321487427,
                0.3409540057182312,
                -0.7088433504104614
            ],
            [
                -0.8531259298324585,
                0.4782296121120453,
                -0.20850083231925964,
                0.4334731996059418
            ],
            [
                4.5635374590347055e-08,
                -0.3996526300907135,
                -0.9166666865348816,
                1.905750036239624
            ],
            [
                0.0,
                0.0,
                0.0,
                1.0
            ]
        ]
    },
    "cam-0013": {
        "k": [
            [
                443.67694091796875,
                0.0,
                256.0
            ],
            [
                0.0,
                443.67694091796875,
                256.0
            ],
            [
                0.0,
                0.0,
                1.0
            ]
        ],
        "pose": [
            [
                -0.18965671956539154,
                0.8934839367866516,
                -0.40708327293395996,
                0.8463261723518372
            ],
            [
                0.9818504452705383,
                0.17258763313293457,
                -0.07863321900367737,
                0.16347840428352356
            ],
            [
                2.077206495698647e-08,
                -0.4146082103252411,
                -0.9100000262260437,
                1.891890048980713
            ],
            [
                0.0,
                0.0,
                0.0,
                1.0
            ]
        ]
    },
    "cam-0014": {
        "k": [
            [
                443.67694091796875,
                0.0,
                256.0
            ],
            [
                0.0,
                443.67694091796875,
                256.0
            ],
            [
                0.0,
                0.0,
                1.0
            ]
        ],
        "pose": [
            [
                0.8019026517868042,
                -0.5397007465362549,
                0.2562718689441681,
                -0.5327889323234558
            ],
            [
                -0.5974547266960144,
                -0.7243853807449341,
                0.34396758675575256,
                -0.7151085734367371
            ],
            [
                3.3836769830486446e-08,
                -0.4289393723011017,
                -0.903333306312561,
                1.8780299425125122
            ],
            [
                0.0,
                0.0,
                0.0,
                1.0
            ]
        ]
    },
    "cam-0015": {
        "k": [
            [
                443.67694091796875,
                0.0,
                256.0
            ],
            [
                0.0,
                443.67694091796875,
                256.0
            ],
            [
                0.0,
                0.0,
                1.0
            ]
        ],
        "pose": [
            [
                -0.9950700402259827,
                -0.08892641961574554,
                0.04390512406826019,
                -0.09127873182296753
            ],
            [
                -0.09917443245649338,
                0.8922461271286011,
                -0.44052383303642273,
                0.9158490300178528
            ],
            [
                2.7403881830423416e-08,
                -0.4427063465118408,
                -0.8966666460037231,
                1.864169955253601
            ],
            [
                0.0,
                0.0,
                0.0,
                1.0
            ]
        ]
    },
    "cam-0016": {
        "k": [
            [
                443.67694091796875,
                0.0,
                256.0
            ],
            [
                0.0,
                443.67694091796875,
                256.0
            ],
            [
                0.0,
                0.0,
                1.0
            ]
        ],
        "pose": [
            [
                0.6682083606719971,
                0.662136971950531,
                -0.33922284841537476,
                0.7052443623542786
            ],
            [
                0.7439741492271423,
                -0.5947054624557495,
                0.3046766519546509,
                -0.6334226727485657
            ],
            [
                -2.9946445323503212e-09,
                -0.45596054196357727,
                -0.8899999856948853,
                1.85030996799469
            ],
            [
                0.0,
                0.0,
                0.0,
                1.0
            ]
        ]
    },
    "cam-0017": {
        "k": [
            [
                443.67694091796875,
                0.0,
                256.0
            ],
            [
                0.0,
                443.67694091796875,
                256.0
            ],
            [
                0.0,
                0.0,
                1.0
            ]
        ],
        "pose": [
            [
                0.007862800732254982,
                -0.8833060264587402,
                0.4687308967113495,
                -0.9744914770126343
            ],
            [
                -0.9999690651893616,
                -0.006945479661226273,
                0.0036856408696621656,
                -0.007662500254809856
            ],
            [
                1.204858079972837e-08,
                -0.4687453806400299,
                -0.8833333253860474,
                1.8364499807357788
            ],
            [
                0.0,
                0.0,
                0.0,
                1.0
            ]
        ]
    },
    "cam-0018": {
        "k": [
            [
                443.67694091796875,
                0.0,
                256.0
            ],
            [
                0.0,
                443.67694091796875,
                256.0
            ],
            [
                0.0,
                0.0,
                1.0
            ]
        ],
        "pose": [
            [
                -0.679824948310852,
                0.6429248452186584,
                -0.35282519459724426,
                0.7335236668586731
            ],
            [
                0.7333744168281555,
                0.5959798693656921,
                -0.3270626366138458,
                0.6799630522727966
            ],
            [
                2.5880369847186557e-08,
                -0.48109832406044006,
                -0.8766666650772095,
                1.8225899934768677
            ],
            [
                0.0,
                0.0,
                0.0,
                1.0
            ]
        ]
    },
    "cam-0019": {
        "k": [
            [
                443.67694091796875,
                0.0,
                256.0
            ],
            [
                0.0,
                443.67694091796875,
                256.0
            ],
            [
                0.0,
                0.0,
                1.0
            ]
        ],
        "pose": [
            [
                0.9965065717697144,
                -0.07265757024288177,
                0.04117695242166519,
                -0.08560685068368912
            ],
            [
                -0.08351445198059082,
                -0.8669607043266296,
                0.4913293421268463,
                -1.0214735269546509
            ],
            [
                2.6700242017341225e-09,
                -0.49305176734924316,
                -0.8699999451637268,
                1.8087300062179565
            ],
            [
                0.0,
                0.0,
                0.0,
                1.0
            ]
        ]
    },
    "cam-0020": {
        "k": [
            [
                443.67694091796875,
                0.0,
                256.0
            ],
            [
                0.0,
                443.67694091796875,
                256.0
            ],
            [
                0.0,
                0.0,
                1.0
            ]
        ],
        "pose": [
            [
                -0.7924085259437561,
                -0.5266252756118774,
                0.3078222870826721,
                -0.6399622559547424
            ],
            [
                -0.6099907755851746,
                0.6841126680374146,
                -0.39987635612487793,
                0.831342875957489
            ],
            [
                -1.500911679386263e-07,
                -0.5046342015266418,
                -0.8633332848548889,
                1.7948700189590454
            ],
            [
                0.0,
                0.0,
                0.0,
                1.0
            ]
        ]
    },
    "cam-0021": {
        "k": [
            [
                443.67694091796875,
                0.0,
                256.0
            ],
            [
                0.0,
                443.67694091796875,
                256.0
            ],
            [
                0.0,
                0.0,
                1.0
            ]
        ],
        "pose": [
            [
                0.17419327795505524,
                0.8435695171356201,
                -0.5079834461212158,
                1.0560976266860962
            ],
            [
                0.9847114682197571,
                -0.14922554790973663,
                0.08986116945743561,
                -0.18682143092155457
            ],
            [
                3.13242125571378e-08,
                -0.5158703327178955,
                -0.8566666841506958,
                1.7810100317001343
            ],
            [
                0.0,
                0.0,
                0.0,
                1.0
            ]
        ]
    },
    "cam-0022": {
        "k": [
            [
                443.67694091796875,
                0.0,
                256.0
            ],
            [
                0.0,
                443.67694091796875,
                256.0
            ],
            [
                0.0,
                0.0,
                1.0
            ]
        ],
        "pose": [
            [
                0.5350561141967773,
                -0.7180940508842468,
                0.4450346827507019,
                -0.925227165222168
            ],
            [
                -0.8448165059089661,
                -0.45479774475097656,
                0.28185829520225525,
                -0.5859834551811218
            ],
            [
                1.6593087792671213e-08,
                -0.5267826318740845,
                -0.8500000238418579,
                1.7671500444412231
            ],
            [
                0.0,
                0.0,
                0.0,
                1.0
            ]
        ]
    },
    "cam-0023": {
        "k": [
            [
                443.67694091796875,
                0.0,
                256.0
            ],
            [
                0.0,
                443.67694091796875,
                256.0
            ],
            [
                0.0,
                0.0,
                1.0
            ]
        ],
        "pose": [
            [
                -0.9646824598312378,
                0.222147136926651,
                -0.14155720174312592,
                0.2942974269390106
            ],
            [
                0.2634156346321106,
                0.8135488629341125,
                -0.5184114575386047,
                1.07777738571167
            ],
            [
                8.49104395683753e-08,
                -0.5373908281326294,
                -0.84333336353302,
                1.753290057182312
            ],
            [
                0.0,
                0.0,
                0.0,
                1.0
            ]
        ]
    },
    "cam-0024": {
        "k": [
            [
                443.67694091796875,
                0.0,
                256.0
            ],
            [
                0.0,
                443.67694091796875,
                256.0
            ],
            [
                0.0,
                0.0,
                1.0
            ]
        ],
        "pose": [
            [
                0.8901602625846863,
                0.3812251091003418,
                -0.24956388771533966,
                0.5188431739807129
            ],
            [
                0.4556475877761841,
                -0.7447673678398132,
                0.4875519275665283,
                -1.0136202573776245
            ],
            [
                -5.1627395691866695e-09,
                -0.547712504863739,
                -0.8366665840148926,
                1.7394299507141113
            ],
            [
                0.0,
                0.0,
                0.0,
                1.0
            ]
        ]
    },
    "cam-0025": {
        "k": [
            [
                443.67694091796875,
                0.0,
                256.0
            ],
            [
                0.0,
                443.67694091796875,
                256.0
            ],
            [
                0.0,
                0.0,
                1.0
            ]
        ],
        "pose": [
            [
                -0.35043543577194214,
                -0.7773671746253967,
                0.5223937630653381,
                -1.0860568284988403
            ],
            [
                -0.9365869164466858,
                0.2908613085746765,
                -0.19546018540859222,
                0.40636152029037476
            ],
            [
                2.0573588699335232e-07,
                -0.5577633380889893,
                -0.8300000429153442,
                1.7255699634552002
            ],
            [
                0.0,
                0.0,
                0.0,
                1.0
            ]
        ]
    },
    "cam-0026": {
        "k": [
            [
                443.67694091796875,
                0.0,
                256.0
            ],
            [
                0.0,
                443.67694091796875,
                256.0
            ],
            [
                0.0,
                0.0,
                1.0
            ]
        ],
        "pose": [
            [
                -0.37242892384529114,
                0.7641032934188843,
                -0.5267284512519836,
                1.095068335533142
            ],
            [
                0.9280607104301453,
                0.3066331148147583,
                -0.21137511730194092,
                0.43944865465164185
            ],
            [
                -2.92118311762124e-08,
                -0.567558228969574,
                -0.8233332633972168,
                1.711709976196289
            ],
            [
                0.0,
                0.0,
                0.0,
                1.0
            ]
        ]
    },
    "cam-0027": {
        "k": [
            [
                443.67694091796875,
                0.0,
                256.0
            ],
            [
                0.0,
                443.67694091796875,
                256.0
            ],
            [
                0.0,
                0.0,
                1.0
            ]
        ],
        "pose": [
            [
                0.9006597399711609,
                -0.35486212372779846,
                0.25076863169670105,
                -0.5213478207588196
            ],
            [
                -0.4345250725746155,
                -0.7355387210845947,
                0.5197795033454895,
                -1.0806214809417725
            ],
            [
                -2.277515065429725e-08,
                -0.5771097540855408,
                -0.8166666030883789,
                1.697849988937378
            ],
            [
                0.0,
                0.0,
                0.0,
                1.0
            ]
        ]
    },
    "cam-0028": {
        "k": [
            [
                443.67694091796875,
                0.0,
                256.0
            ],
            [
                0.0,
                443.67694091796875,
                256.0
            ],
            [
                0.0,
                0.0,
                1.0
            ]
        ],
        "pose": [
            [
                -0.9582009315490723,
                -0.23173776268959045,
                0.16777528822422028,
                -0.3488047122955322
            ],
            [
                -0.2860960364341736,
                0.7761425971984863,
                -0.5619179010391235,
                1.1682268381118774
            ],
            [
                5.3162896307412666e-08,
                -0.5864301323890686,
                -0.8099998235702515,
                1.6839900016784668
            ],
            [
                0.0,
                0.0,
                0.0,
                1.0
            ]
        ]
    },
    "cam-0029": {
        "k": [
            [
                443.67694091796875,
                0.0,
                256.0
            ],
            [
                0.0,
                443.67694091796875,
                256.0
            ],
            [
                0.0,
                0.0,
                1.0
            ]
        ],
        "pose": [
            [
                0.5149810314178467,
                0.688618540763855,
                -0.5104889869689941,
                1.0613064765930176
            ],
            [
                0.8572015762329102,
                -0.41370147466659546,
                0.3066864311695099,
                -0.6376011371612549
            ],
            [
                -8.519931782302592e-08,
                -0.5955296158790588,
                -0.8033333420753479,
                1.6701300144195557
            ],
            [
                0.0,
                0.0,
                0.0,
                1.0
            ]
        ]
    },
    "cam-0030": {
        "k": [
            [
                443.67694091796875,
                0.0,
                256.0
            ],
            [
                0.0,
                443.67694091796875,
                256.0
            ],
            [
                0.0,
                0.0,
                1.0
            ]
        ],
        "pose": [
            [
                0.19737103581428528,
                -0.7809953093528748,
                0.592529296875,
                -1.2318685054779053
            ],
            [
                -0.9803288578987122,
                -0.15723884105682373,
                0.11929488927125931,
                -0.24801364541053772
            ],
            [
                -1.2970349416718818e-07,
                -0.604418933391571,
                -0.79666668176651,
                1.6562700271606445
            ],
            [
                0.0,
                0.0,
                0.0,
                1.0
            ]
        ]
    },
    "cam-0031": {
        "k": [
            [
                443.67694091796875,
                0.0,
                256.0
            ],
            [
                0.0,
                443.67694091796875,
                256.0
            ],
            [
                0.0,
                0.0,
                1.0
            ]
        ],
        "pose": [
            [
                -0.80657559633255,
                0.46699345111846924,
                -0.36242642998695374,
                0.7534844875335693
            ],
            [
                0.5911309123039246,
                0.6371947526931763,
                -0.4945170283317566,
                1.0281009674072266
            ],
            [
                -6.770998872696055e-09,
                -0.6131068468093872,
                -0.7900000214576721,
                1.6424100399017334
            ],
            [
                0.0,
                0.0,
                0.0,
                1.0
            ]
        ]
    },
    "cam-0032": {
        "k": [
            [
                443.67694091796875,
                0.0,
                256.0
            ],
            [
                0.0,
                443.67694091796875,
                256.0
            ],
            [
                0.0,
                0.0,
                1.0
            ]
        ],
        "pose": [
            [
                0.9942595362663269,
                0.08381301909685135,
                -0.06650850921869278,
                0.13827119767665863
            ],
            [
                0.1069953441619873,
                -0.7788366675376892,
                0.6180335879325867,
                -1.2848918437957764
            ],
            [
                -4.124620200940399e-09,
                -0.6216018795967102,
                -0.7833333611488342,
                1.6285500526428223
            ],
            [
                0.0,
                0.0,
                0.0,
                1.0
            ]
        ]
    },
    "cam-0033": {
        "k": [
            [
                443.67694091796875,
                0.0,
                256.0
            ],
            [
                0.0,
                443.67694091796875,
                256.0
            ],
            [
                0.0,
                0.0,
                1.0
            ]
        ],
        "pose": [
            [
                -0.6623379588127136,
                -0.581882655620575,
                0.4719332456588745,
                -0.9811491966247559
            ],
            [
                -0.7492052316665649,
                0.5144158005714417,
                -0.4172145128250122,
                0.8673888444900513
            ],
            [
                -1.1828232615584966e-08,
                -0.6299118399620056,
                -0.7766666412353516,
                1.6146899461746216
            ],
            [
                0.0,
                0.0,
                0.0,
                1.0
            ]
        ]
    },
    "cam-0034": {
        "k": [
            [
                443.67694091796875,
                0.0,
                256.0
            ],
            [
                0.0,
                443.67694091796875,
                256.0
            ],
            [
                0.0,
                0.0,
                1.0
            ]
        ],
        "pose": [
            [
                -0.01572524569928646,
                0.7699047327041626,
                -0.6379650831222534,
                1.326329231262207
            ],
            [
                0.9998763799667358,
                0.012108413502573967,
                -0.01003342866897583,
                0.02085934393107891
            ],
            [
                -3.924263580756815e-08,
                -0.6380439400672913,
                -0.7699999213218689,
                1.6008299589157104
            ],
            [
                0.0,
                0.0,
                0.0,
                1.0
            ]
        ]
    },
    "cam-0035": {
        "k": [
            [
                443.67694091796875,
                0.0,
                256.0
            ],
            [
                0.0,
                443.67694091796875,
                256.0
            ],
            [
                0.0,
                0.0,
                1.0
            ]
        ],
        "pose": [
            [
                0.6855701804161072,
                -0.5557116270065308,
                0.47029581665992737,
                -0.9777448177337646
            ],
            [
                -0.7280065417289734,
                -0.5233185291290283,
                0.44288167357444763,
                -0.9207509160041809
            ],
            [
                3.524810310295834e-08,
                -0.646004855632782,
                -0.763333261013031,
                1.5869699716567993
            ],
            [
                0.0,
                0.0,
                0.0,
                1.0
            ]
        ]
    },
    "cam-0036": {
        "k": [
            [
                443.67694091796875,
                0.0,
                256.0
            ],
            [
                0.0,
                443.67694091796875,
                256.0
            ],
            [
                0.0,
                0.0,
                1.0
            ]
        ],
        "pose": [
            [
                -0.997132420539856,
                0.057261787354946136,
                -0.049477338790893555,
                0.10286341607570648
            ],
            [
                0.07567641139030457,
                0.7544968724250793,
                -0.6519259810447693,
                1.3553541898727417
            ],
            [
                5.095626320894553e-08,
                -0.6538008451461792,
                -0.7566667199134827,
                1.5731099843978882
            ],
            [
                0.0,
                0.0,
                0.0,
                1.0
            ]
        ]
    },
    "cam-0037": {
        "k": [
            [
                443.67694091796875,
                0.0,
                256.0
            ],
            [
                0.0,
                443.67694091796875,
                256.0
            ],
            [
                0.0,
                0.0,
                1.0
            ]
        ],
        "pose": [
            [
                0.7875877618789673,
                0.46215182542800903,
                -0.4075796604156494,
                0.8473581075668335
            ],
            [
                0.6162024736404419,
                -0.5906907916069031,
                0.5209404230117798,
                -1.0830349922180176
            ],
            [
                9.916704790668973e-09,
                -0.6614378690719604,
                -0.7499999403953552,
                1.559249997138977
            ],
            [
                0.0,
                0.0,
                0.0,
                1.0
            ]
        ]
    },
    "cam-0038": {
        "k": [
            [
                443.67694091796875,
                0.0,
                256.0
            ],
            [
                0.0,
                443.67694091796875,
                256.0
            ],
            [
                0.0,
                0.0,
                1.0
            ]
        ],
        "pose": [
            [
                -0.16644534468650818,
                -0.732964277267456,
                0.6595903038978577,
                -1.3712880611419678
            ],
            [
                -0.9860506653785706,
                0.12372445315122604,
                -0.11133871972560883,
                0.2314734309911728
            ],
            [
                -1.3997889425354515e-07,
                -0.6689212322235107,
                -0.7433332800865173,
                1.545390009880066
            ],
            [
                0.0,
                0.0,
                0.0,
                1.0
            ]
        ]
    },
    "cam-0039": {
        "k": [
            [
                443.67694091796875,
