{
    "config": {
        "RC": {
            "ortho_scale": 2.2,
            "ortho_radius": 4.0,
            "condition_camera_number": 32,
            "condition_partition": 4,
            "condition_elevation_range": {
                "start": -5.0,
                "end": 30.0
            },
            "condition_azimuth_range": {
                "start": -45.0,
                "end": 315.0
            },
            "azimuth_list": [
                0,
                90,
                180,
                270,
                0,
                0
            ],
            "elevation_list": [
                0,
                0,
                0,
                0,
                -90,
                90
            ],
            "real_azimuth": [
                0,
                90,
                180,
                270,
                0,
                0,
                4.512504766170025,
                337.654667603802,
                42.496835333482565,
                1.5244925808725753,
                355.43643285337805,
                5.387465857975712,
                8.522591652076713,
                9.482096447395627,
                47.49258948756285,
                120.43293465465158,
                132.86731694171678,
                106.76630170999623,
                58.69348542384519,
                104.11010968096222,
                80.08187915389406,
                133.39191266318235,
                185.81559042130783,
                189.23323466852423,
                141.63629376043673,
                188.0015586248921,
                145.5652366704341,
                174.49452383896303,
                137.3339122693685,
                210.80806930259442,
                280.87104990672606,
                266.24421115519294,
                299.2932579122683,
                255.91819641269524,
                253.4462140408013,
                234.64710577294704,
                306.01225364909675,
                263.7256473961712
            ],
            "real_elevation": [
                0,
                0,
                0,
                0,
                -90,
                90,
                12.19375420826767,
                21.20121978334369,
                28.10810286040644,
                19.557431117539576,
                2.5884202574699806,
                8.517869169892332,
                18.466043692035154,
                -2.6500812245923555,
                29.3081345400449,
                26.308136113338914,
                14.044933689709268,
                -1.7361143335504003,
                9.897334195348318,
                6.655927292475507,
                9.84211233185783,
                -0.43884205666629583,
                4.48577341426785,
                8.826456465159396,
                20.329457370070372,
                8.502230819978312,
                -4.550676907404764,
                22.895854885874762,
                1.7858542327637004,
                9.790426088015359,
                -3.929912631775842,
                7.98302112243147,
                29.20553826241992,
                15.031295784169444,
                8.58128722335806,
                5.821151665948808,
                2.3480824175184623,
                10.79784312522926
            ]
        }
    },
    "poses": {
        "cam-0000": {
            "k": null,
            "scale": 2.2,
            "pose": [
                [
                    1.0,
                    0.0,
                    0.0,
                    0.0
                ],
                [
                    0.0,
                    0.0,
                    -1.0,
                    -4.0
                ],
                [
                    0.0,
                    1.0,
                    0.0,
                    0.0
                ],
                [
                    0.0,
                    0.0,
                    0.0,
                    1.0
                ]
            ],
            "model": "orthographic"
        },
        "cam-0001": {
            "k": null,
            "scale": 2.2,
            "pose": [
                [
                    6.123233995736766e-17,
                    0.0,
                    1.0,
                    4.0
                ],
                [
                    1.0,
                    0.0,
                    -6.123233995736766e-17,
                    -2.4492935982947064e-16
                ],
                [
                    0.0,
                    1.0,
                    0.0,
                    0.0
                ],
                [
                    0.0,
                    0.0,
                    0.0,
                    1.0
                ]
            ],
            "model": "orthographic"
        },
        "cam-0002": {
            "k": null,
            "scale": 2.2,
            "pose": [
                [
                    -1.0,
                    0.0,
                    1.2246467991473532e-16,
                    4.898587196589413e-16
                ],
                [
                    1.2246467991473532e-16,
                    0.0,
                    1.0,
                    4.0
                ],
                [
                    0.0,
                    1.0,
                    0.0,
                    0.0
                ],
                [
                    0.0,
                    0.0,
                    0.0,
                    1.0
                ]
            ],
            "model": "orthographic"
        },
        "cam-0003": {
            "k": null,
            "scale": 2.2,
            "pose": [
                [
                    -1.8369701987210297e-16,
                    0.0,
                    -1.0,
                    -4.0
                ],
                [
                    -1.0,
                    0.0,
                    1.8369701987210297e-16,
                    7.347880794884119e-16
                ],
                [
                    0.0,
                    1.0,
                    0.0,
                    0.0
                ],
                [
                    0.0,
                    0.0,
                    0.0,
                    1.0
                ]
            ],
            "model": "orthographic"
        },
        "cam-0004": {
            "k": null,
            "scale": 2.2,
            "pose": [
                [
                    1.0,
                    0.0,
                    0.0,
                    0.0
                ],
                [
                    0.0,
                    -1.0,
                    -6.123233995736766e-17,
                    -2.4492935982947064e-16
                ],
                [
                    0.0,
                    6.123233995736766e-17,
                    -1.0,
                    -4.0
                ],
                [
                    0.0,
                    0.0,
                    0.0,
                    1.0
                ]
            ],
            "model": "orthographic"
        },
        "cam-0005": {
            "k": null,
            "scale": 2.2,
            "pose": [
                [
                    1.0,
                    0.0,
                    0.0,
                    0.0
                ],
                [
                    0.0,
                    1.0,
                    -6.123233995736766e-17,
                    -2.4492935982947064e-16
                ],
                [
                    0.0,
                    6.123233995736766e-17,
                    1.0,
                    4.0
                ],
                [
                    0.0,
                    0.0,
                    0.0,
                    1.0
                ]
            ],
            "model": "orthographic"
        },
        "cam-0006": {
            "k": null,
            "scale": 2.2,
            "pose": [
                [
                    0.996900186344289,
                    -0.016617948439476497,
                    0.07690164014105888,
                    0.30760656056423547
                ],
                [
                    0.07867667040948045,
                    0.2105635102470944,
                    -0.9744090463895027,
                    -3.89763618555801
                ],
                [
                    0.0,
                    0.9774389249165827,
                    0.21121824745489043,
                    0.8448729898195616
                ],
                [
                    0.0,
                    0.0,
                    0.0,
                    1.0
                ]
            ],
            "model": "orthographic"
        },
        "cam-0007": {
            "k": null,
            "scale": 2.2,
            "pose": [
                [
                    0.9249092032771643,
                    0.1374928921126076,
                    -0.35445545603321155,
                    -1.417821824132846
                ],
                [
                    -0.38018806621618345,
                    0.3344882509485034,
                    -0.8623077433748406,
                    -3.449230973499362
                ],
                [
                    0.0,
                    0.9323161022935954,
                    0.3616444184611151,
                    1.4465776738444602
                ],
                [
                    0.0,
                    0.0,
                    0.0,
                    1.0
                ]
            ],
            "model": "orthographic"
        },
        "cam-0008": {
            "k": null,
            "scale": 2.2,
            "pose": [
                [
                    0.7373146511339678,
                    -0.3182761061002915,
                    0.5958753439343093,
                    2.383501375737237
                ],
                [
                    0.6755494839189764,
                    0.34737593872806477,
                    -0.6503559425188644,
                    -2.6014237700754577
                ],
                [
                    0.0,
                    0.8820602459460645,
                    0.471136628295411,
                    1.884546513181644
                ],
                [
                    0.0,
                    0.0,
                    0.0,
                    1.0
                ]
            ],
            "model": "orthographic"
        },
        "cam-0009": {
            "k": null,
            "scale": 2.2,
            "pose": [
                [
                    0.9996460436174389,
                    -0.008905822744728344,
                    0.025069379753811464,
                    0.10027751901524584
                ],
                [
                    0.026604275596252055,
                    0.3346330720307256,
                    -0.9419728868833105,
                    -3.7678915475332415
                ],
                [
                    0.0,
                    0.9423064222557962,
                    0.3347515594817765,
                    1.3390062379271057
                ],
                [
                    0.0,
                    0.0,
                    0.0,
                    1.0
                ]
            ],
            "model": "orthographic"
        },
        "cam-0010": {
            "k": null,
            "scale": 2.2,
            "pose": [
                [
                    0.9968296732870762,
                    0.0035932459299235693,
                    -0.07948390427041223,
                    -0.3179356170816489
                ],
                [
                    -0.07956508313563788,
                    0.04501791521111959,
                    -0.9958126253747055,
                    -3.983250501498822
                ],
                [
                    0.0,
                    0.9989797174586337,
                    0.0451610906231068,
                    0.1806443624924272
                ],
                [
                    0.0,
                    0.0,
                    0.0,
                    1.0
                ]
            ],
            "model": "orthographic"
        },
        "cam-0011": {
            "k": null,
            "scale": 2.2,
            "pose": [
                [
                    0.9955825281079779,
                    -0.01390686232701303,
                    0.09285488089672424,
                    0.37141952358689695
                ],
                [
                    0.09389051989486125,
                    0.14746354764124603,
                    -0.9846009711507148,
                    -3.938403884602859
                ],
                [
                    0.0,
                    0.9889697170779675,
                    0.14811785409843248,
                    0.5924714163937299
                ],
                [
                    0.0,
                    0.0,
                    0.0,
                    1.0
                ]
            ],
            "model": "orthographic"
        },
        "cam-0012": {
            "k": null,
            "scale": 2.2,
            "pose": [
                [
                    0.9889575054210907,
                    -0.04694104955499117,
                    0.14056880997564547,
                    0.5622752399025819
                ],
                [
                    0.14819936731070502,
                    0.313244949099041,
                    -0.9380376055322335,
                    -3.752150422128934
                ],
                [
                    0.0,
                    0.9485115390603401,
                    0.31674257729169425,
                    1.266970309166777
                ],
                [
                    0.0,
                    0.0,
                    0.0,
                    1.0
                ]
            ],
            "model": "orthographic"
        },
        "cam-0013": {
            "k": null,
            "scale": 2.2,
            "pose": [
                [
                    0.9863371267912409,
                    0.007616916464301243,
                    0.16456322461830722,
                    0.6582528984732288
                ],
                [
                    0.16473940728677997,
                    -0.045604434446758366,
                    -0.9852822759217745,
                    -3.9411291036870977
                ],
                [
                    0.0,
                    0.9989305371958389,
                    -0.04623615314483705,
                    -0.18494461257934816
                ],
                [
                    0.0,
                    0.0,
                    0.0,
                    1.0
                ]
            ],
            "model": "orthographic"
        },
        "cam-0014": {
            "k": null,
            "scale": 2.2,
            "pose": [
                [
                    0.6756855598238379,
                    -0.36085909478925593,
                    0.6428294781304181,
                    2.571317912521672
                ],
                [
                    0.7371899512646295,
                    0.33075231025860113,
                    -0.5891976620906192,
                    -2.3567906483624763
                ],
                [
                    0.0,
                    0.8719997838110267,
                    0.4895062584212005,
                    1.9580250336848017
                ],
                [
                    0.0,
                    0.0,
                    0.0,
                    1.0
                ]
            ],
            "model": "orthographic"
        },
        "cam-0015": {
            "k": null,
            "scale": 2.2,
            "pose": [
                [
                    -0.5065294690148129,
                    -0.3821357755309013,
                    0.7729166488561159,
                    3.0916665954244635
                ],
                [
                    0.8622226493311178,
                    -0.22449309539872397,
                    0.4540649216783077,
                    1.8162596867132308
                ],
                [
                    0.0,
                    0.8964235043648152,
                    0.4431984891922624,
                    1.7727939567690496
                ],
                [
                    0.0,
                    0.0,
                    0.0,
                    1.0
                ]
            ],
            "model": "orthographic"
        },
        "cam-0016": {
            "k": null,
            "scale": 2.2,
            "pose": [
                [
                    -0.6803028960017115,
                    -0.17786974253534368,
                    0.7110206216292851,
                    2.8440824865171406
                ],
                [
                    0.7329310811336114,
                    -0.16509778896361765,
                    0.6599657191003486,
                    2.6398628764013945
                ],
                [
                    0.0,
                    0.9701057028848636,
                    0.24268276665281507,
                    0.9707310666112603
                ],
                [
                    0.0,
                    0.0,
                    0.0,
                    1.0
                ]
            ],
            "model": "orthographic"
        },
        "cam-0017": {
            "k": null,
            "scale": 2.2,
            "pose": [
                [
                    -0.2884687032453577,
                    0.02900835965804673,
                    0.957049801378116,
                    3.8281992055124636
                ],
                [
                    0.9574893248741427,
                    0.008739527090739755,
                    0.2883362852959865,
                    1.1533451411839457
                ],
                [
                    0.0,
                    0.9995409625103815,
                    -0.030296274751532855,
                    -0.1211850990061314
                ],
                [
                    0.0,
                    0.0,
                    0.0,
                    1.0
                ]
            ],
            "model": "orthographic"
        },
        "cam-0018": {
            "k": null,
            "scale": 2.2,
            "pose": [
                [
                    0.5196162611765118,
                    -0.1468570202035666,
                    0.8416840005238737,
                    3.366736002095495
                ],
                [
                    0.8543997548694305,
                    0.08931333995684765,
                    -0.5118829809485851,
                    -2.0475319237943403
                ],
                [
                    0.0,
                    0.9851173244455108,
                    0.17188326584434627,
                    0.6875330633773851
                ],
                [
                    0.0,
                    0.0,
                    0.0,
                    1.0
                ]
            ],
            "model": "orthographic"
        },
        "cam-0019": {
            "k": null,
            "scale": 2.2,
            "pose": [
                [
                    -0.24378613921282216,
                    -0.11240972145690264,
                    0.9632924648566956,
                    3.853169859426782
                ],
                [
                    0.9698290149957911,
                    -0.028256457148877895,
                    0.24214304512351195,
                    0.9685721804940477
                ],
                [
                    0.0,
                    0.993260100452734,
                    0.11590674203265663,
                    0.4636269681306265
                ],
                [
                    0.0,
                    0.0,
                    0.0,
                    1.0
                ]
            ],
            "model": "orthographic"
        },
        "cam-0020": {
            "k": null,
            "scale": 2.2,
            "pose": [
                [
                    0.1722406506533396,
                    -0.16837910534885933,
                    0.9705573837462842,
                    3.882229534985137
                ],
                [
                    0.985054901141309,
                    0.029441736321612764,
                    -0.1697057037929321,
                    -0.6788228151717284
                ],
                [
                    0.0,
                    0.9852825285390411,
                    0.17093372679408136,
                    0.6837349071763255
                ],
                [
                    0.0,
                    0.0,
                    0.0,
                    1.0
                ]
            ],
            "model": "orthographic"
        },
        "cam-0021": {
            "k": null,
            "scale": 2.2,
            "pose": [
                [
                    -0.6869849474693179,
                    0.0055656972415275814,
                    0.726650331978727,
                    2.906601327914908
                ],
                [
                    0.726671646585016,
                    0.005261730308413268,
                    0.6869647969463815,
                    2.747859187785526
                ],
                [
                    0.0,
                    0.9999706681740106,
                    -0.007659163898417537,
                    -0.030636655593670147
                ],
                [
                    0.0,
                    0.0,
                    0.0,
                    1.0
                ]
            ],
            "model": "orthographic"
        },
        "cam-0022": {
            "k": null,
            "scale": 2.2,
            "pose": [
                [
                    -0.9948531741570602,
                    0.00792494289823676,
                    -0.1010166181857306,
                    -0.4040664727429224
                ],
                [
                    -0.10132700464151692,
                    -0.07780901670998279,
                    0.9918057244485956,
                    3.9672228977943824
                ],
                [
                    0.0,
                    0.9969367844546038,
                    0.07821155797779951,
                    0.31284623191119804
                ],
                [
                    0.0,
                    0.0,
                    0.0,
                    1.0
                ]
            ],
            "model": "orthographic"
        },
        "cam-0023": {
            "k": null,
            "scale": 2.2,
            "pose": [
                [
                    -0.9870433592256826,
                    0.024620366794494183,
                    -0.1585536014961016,
                    -0.6342144059844064
                ],
                [
                    -0.16045375348828714,
                    -0.15145404216411773,
                    0.9753544310165765,
                    3.901417724066306
                ],
                [
                    0.0,
                    0.9881576345153916,
                    0.1534421368104139,
                    0.6137685472416556
                ],
                [
                    0.0,
                    0.0,
                    0.0,
                    1.0
                ]
            ],
            "model": "orthographic"
        },
        "cam-0024": {
            "k": null,
            "scale": 2.2,
            "pose": [
                [
                    -0.784086763408988,
                    -0.21562528484214147,
                    0.5819911373754442,
                    2.3279645495017767
                ],
                [
                    0.6206512285066531,
                    -0.2724056989427251,
                    0.7352463449325727,
                    2.9409853797302907
                ],
                [
                    0.0,
                    0.937710441298523,
                    0.3474178007525366,
                    1.3896712030101463
                ],
                [
                    0.0,
                    0.0,
                    0.0,
                    1.0
                ]
            ],
            "model": "orthographic"
        },
        "cam-0025": {
            "k": null,
            "scale": 2.2,
            "pose": [
                [
                    -0.9902642824303496,
                    0.020580436066764473,
                    -0.13767024585583704,
                    -0.550680983423348
                ],
                [
                    -0.13920003930568695,
                    -0.14640851292436086,
                    0.9793813845487225,
                    3.9175255381948895
                ],
                [
                    0.0,
                    0.989010107630139,
                    0.14784791850215856,
                    0.5913916740086341
                ],
                [
                    0.0,
                    0.0,
                    0.0,
                    1.0
                ]
            ],
            "model": "orthographic"
        },
        "cam-0026": {
            "k": null,
            "scale": 2.2,
            "pose": [
                [
                    -0.8247705614199542,
                    0.044864655509886914,
                    0.5636849152682664,
                    2.2547396610730654
                ],
                [
                    0.5654675242797003,
                    0.06543797039438688,
                    0.8221705121297224,
                    3.2886820485188895
                ],
                [
                    0.0,
                    0.9968475483827215,
                    -0.07934081725919818,
                    -0.31736326903679274
                ],
                [
                    0.0,
                    0.0,
                    0.0,
                    1.0
                ]
            ],
            "model": "orthographic"
        },
        "cam-0027": {
            "k": null,
            "scale": 2.2,
            "pose": [
                [
                    -0.9953870331673682,
                    -0.037326503768373424,
                    0.08838204749095928,
                    0.3535281899638371
                ],
                [
                    0.09594088910503475,
                    -0.3872625966998886,
                    0.9169640270997521,
                    3.6678561083990084
                ],
                [
                    0.0,
                    0.9212135546732305,
                    0.38905730514451337,
                    1.5562292205780535
                ],
                [
                    0.0,
                    0.0,
                    0.0,
                    1.0
                ]
            ],
            "model": "orthographic"
        },
        "cam-0028": {
            "k": null,
            "scale": 2.2,
            "pose": [
                [
                    -0.7353158560568213,
                    -0.02112060152095177,
                    0.6773953882503315,
                    2.709581553001326
                ],
                [
                    0.6777245692989329,
                    -0.022915375790313858,
                    0.7349587020513225,
                    2.93983480820529
                ],
                [
                    0.0,
                    0.9995142849123178,
                    0.031163989735239817,
                    0.12465595894095927
                ],
                [
                    0.0,
                    0.0,
                    0.0,
                    1.0
                ]
            ],
            "model": "orthographic"
        },
        "cam-0029": {
            "k": null,
            "scale": 2.2,
            "pose": [
                [
                    -0.8588877743952732,
                    0.08709081627734995,
                    -0.5047048451466255,
                    -2.0188193805865016
                ],
                [
                    -0.5121638321810066,
                    -0.14604943313585023,
                    0.8463792129337551,
                    3.38551685173502
                ],
                [
                    0.0,
                    0.9854363261017132,
                    0.1700448387901212,
                    0.6801793551604847
                ],
                [
                    0.0,
                    0.0,
                    0.0,
                    1.0
                ]
            ],
            "model": "orthographic"
        },
        "cam-0030": {
            "k": null,
            "scale": 2.2,
            "pose": [
                [
                    0.1885992602278204,
                    -0.06730620570250417,
                    -0.979744963608107,
                    -3.918979854432428
                ],
                [
                    -0.9820541324395101,
                    -0.012925866492411179,
                    -0.18815579431391816,
                    -0.7526231772556726
                ],
                [
                    0.0,
                    0.9976486338633219,
                    -0.06853614630724027,
                    -0.27414458522896107
                ],
                [
                    0.0,
                    0.0,
                    0.0,
                    1.0
                ]
            ],
            "model": "orthographic"
        },
        "cam-0031": {
            "k": null,
            "scale": 2.2,
            "pose": [
                [
                    -0.06550394697551576,
                    0.13858137107883695,
                    -0.9881823903108872,
                    -3.9527295612435487
                ],
                [
                    -0.9978523101795319,
                    -0.009097164670901225,
                    0.0648691657439934,
                    0.2594766629759736
                ],
                [
                    0.0,
                    0.9903092674436911,
                    0.13887964147109466,
                    0.5555185658843786
                ],
                [
                    0.0,
                    0.0,
                    0.0,
                    1.0
                ]
            ],
            "model": "orthographic"
        },
        "cam-0032": {
            "k": null,
            "scale": 2.2,
            "pose": [
                [
                    0.48927983054872226,
                    0.42554909499342364,
                    -0.7612576536025709,
                    -3.045030614410283
                ],
                [
                    -0.8721268528248708,
                    0.23874117442219728,
                    -0.42708009110387757,
                    -1.70832036441551
                ],
                [
                    0.0,
                    0.872874916231294,
                    0.4879440343053821,
                    1.951776137221528
                ],
                [
                    0.0,
                    0.0,
                    0.0,
                    1.0
                ]
            ],
            "model": "orthographic"
        },
        "cam-0033": {
            "k": null,
            "scale": 2.2,
            "pose": [
                [
                    -0.24330698045763413,
                    0.251553071171822,
                    -0.9367618510830876,
                    -3.74704740433235
                ],
                [
                    -0.9699493354091174,
                    -0.0631008403607439,
                    0.23498206460319365,
                    0.9399282584127745
                ],
                [
                    0.0,
                    0.9657843114949592,
                    0.259346609135743,
                    1.0373864365429717
                ],
                [
                    0.0,
                    0.0,
                    0.0,
                    1.0
                ]
            ],
            "model": "orthographic"
        },
        "cam-0034": {
            "k": null,
            "scale": 2.2,
            "pose": [
                [
                    -0.2849153038610053,
                    0.14302795592512502,
                    -0.9478218574445684,
                    -3.791287429778273
                ],
                [
                    -0.9585526952785596,
                    -0.04251289858528131,
                    0.2817257244698939,
                    1.1269028978795754
                ],
                [
                    0.0,
                    0.9888051664902233,
                    0.14921240807064912,
                    0.5968496322825964
                ],
                [
                    0.0,
                    0.0,
                    0.0,
                    1.0
                ]
            ],
            "model": "orthographic"
        },
        "cam-0035": {
            "k": null,
            "scale": 2.2,
            "pose": [
                [
                    -0.5786108186432652,
                    0.08272144399046223,
                    -0.8113979808041817,
                    -3.2455919232167267
                ],
                [
                    -0.815603776688761,
                    -0.058684772918773956,
                    0.575627116177219,
                    2.302508464708876
                ],
                [
                    0.0,
                    0.9948433344660881,
                    0.10142356663219473,
                    0.40569426652877894
                ],
                [
                    0.0,
                    0.0,
                    0.0,
                    1.0
                ]
            ],
            "model": "orthographic"
        },
        "cam-0036": {
            "k": null,
            "scale": 2.2,
            "pose": [
                [
                    0.5879582604997564,
                    0.03314051690982047,
                    -0.808212094718367,
                    -3.2328483788734674
                ],
                [
                    -0.8088912682864741,
                    0.024088825579286613,
                    -0.5874645900580819,
                    -2.3498583602323273
                ],
                [
                    0.0,
                    0.99916036481696,
                    0.040970298739933415,
                    0.16388119495973363
                ],
                [
                    0.0,
                    0.0,
                    0.0,
                    1.0
                ]
            ],
            "model": "orthographic"
        },
        "cam-0037": {
            "k": null,
            "scale": 2.2,
            "pose": [
                [
                    -0.10928937187081865,
                    0.18622213967867107,
                    -0.9764103378649672,
                    -3.905641351459869
                ],
                [
                    -0.994009976406717,
                    -0.020474744878812352,
                    0.10735432746780929,
                    0.42941730987123716
                ],
                [
                    0.0,
                    0.9822943039210017,
                    0.18734433667542483,
                    0.7493773467016993
                ],
                [
                    0.0,
                    0.0,
                    0.0,
                    1.0
                ]
            ],
            "model": "orthographic"
        }
    }
}